#=============== SYMBOL '#' ALLOWS TO MAKE COMMENTS ==========================================================
#              position  | radius     | direction  | height |    color    | specular | reflective | refractive
#-------------------------------------------------------------------------------------------------------------
SPHERE         -12 -1  3   |   1.0      |   0 1 0    |  0.0   |   0   0   0 | 10       |  0.0       |    0.0
SPHERE        40 -4  4   |   2.0      |   0 1 0    |  0.0   |   0   0 255 | 100      |  0.0       |    0.0
SPHERE         8  4  0   |   1.0      |   0 1 0    |  0.0   | 255 255 255 | 100      |  0.0       |    0.0
SPHERE        -4  4  4   |   3.0      |   0 1 1    |  0.0   |  255 0    0 | 10       |  0.0       |    0.0
SPHERE         -4  1  4  |   4.0      |   1 1 0    |  0.0   | 255 255   0 | 1000     |  0.0       |    0.0
PLANE          0  5  0   |   0.0      |   0 1 0    |  0.0   |  0    0 0 | 1000     |  0.3       |    0.0
PLANE         -20  0  0  |   0.0      |   1 0 0    |  0.0   |  255 255  0 | 1000     |  0.5       |    0.0
DISK         2  1.99  8  |   3.0      |   0 -1 0   |  0.0   |  255 255  0 | 1000     |  0.0       |    0.0
CYLINDER      -15  0  0   |   1.0      |   1 1 0   |  5.0   | 105   50 105 | 1000     |  0.0       |    0.0
CONE           0  0 -3   |   5.0      |   1 1 1    |  5.0   | 0   255   0 | 1000     |  0.5       |    0.5
CYLINDER        0 -15 0  |   1        |    1 1 0   |  5.0   |  255 0 255  | 1000     |  0.0       |    0.0

#              position  |  NULL      |    NULL    |  NULL |  NULL        | NULL     | NULL       | NULL
#-------------------------------------------------------------------------------------------------------------
screen        800 800 0 |   0        |  0 0 0     |  0    | 0 0 0        | 0        | 0          | 0

#              position  |  NULL      |  direction |  NULL |  NULL        | NULL     | NULL       | NULL
#-------------------------------------------------------------------------------------------------------------
cam            0  0 -42  |   0        |  -10 0 0     |  0    | 0 0 0        | 0        | 0          | 0

#              position  | intensity  |  NULL      |  color       |  NULL | NULL     | NULL       | NULL
#-------------------------------------------------------------------------------------------------------------
AMBIENT        0  0   0  |    0.2     |  0 0 0     |  255 255 255 | 0     |  0        | 0          | 0
POINT         8  -10 -30 |    0.6     |  0 0 0     |  255 255 255 | 0     |  0        | 0          | 0
DIRECTIONAL  4  -10  -30 |    0.4     |  0 0 0     |  255 255 255 | 0     |  0        | 0          | 0
point           14  -12 4 |    0.6     |  0 0 0     |  255 255 255 | 0     |  0        | 0          | 0
directional     6  -12 5 |    0.2     |  0 0 0     |  255 255 255 | 0     |  0        | 0          | 0

#======================================i=======================================================================