#=============== SYMBOL '#' ALLOWS TO MAKE COMMENTS ==============================================================
#              position     | radius     | direction  | height |    color     | specular | reflective | refractive
#-----------------------------------------------------------------------------------------------------------------
SPHERE          0  -5  -5   |   1.0      |   0 1 0    |  0.0   |    3 252 240 | 10       |  0.0       |    0.0
SPHERE        -7.5 -7  -8   |   2.5      |   0 1 0    |  0.0   |   63  93  99 | 10       |  0.0       |    0.0
SPHERE        -7.5  7  -8   |   2.5      |   0 1 0    |  0.0   |   63  93  99 | 10       |  0.0       |    0.0
SPHERE         7.5 -7  -8   |   2.5      |   0 1 0    |  0.0   |   63  93  99 | 10       |  0.0       |    0.0
SPHERE         7.5  7  -8   |   2.5      |   0 1 0    |  0.0   |   63  93  99 | 10       |  0.0       |    0.0
SPHERE         -7.5  7  8   |   2.5      |   0 1 0    |  0.0   |   63  93  99 | 10       |  0.0       |    0.0
SPHERE        7.5  7    8   |   2.5      |   0 1 0    |  0.0   |   63  93  99 | 10       |  0.0       |    0.0
SPHERE        -7.5  -7  8   |   2.5      |   0 1 0    |  0.0   |   63  93  99 | 10       |  0.0       |    0.0
SPHERE        7.5  -7   8   |   2.5      |   0 1 0    |  0.0   |   63  93  99 | 10       |  0.0       |    0.0

PLANE          0  7   10    |   0.0      |   0 1 0    |  0.0   |   46  60 130 | 50       |  0.1       |    5.0
PLANE         0  -7   10    |   0.0      |   0 1 0    |  0.0   |  168 176 179 | 50        |  0.0       |    0.0
PLANE          0  0   20    |   0.0      |   0 0 1    |  0.0   |   46  60 130 | 0        |  0.0       |    0.0

CYLINDER      -7.5  -7  -8  |   1.5      |   0 1 0    |  16.0   |  63  93  99 | 20       |  0.0       |    0.0
CYLINDER       7.5  -7  -8  |   1.5      |   0 1 0    |  16.0   |  63  93  99 | 20       |  0.0       |    0.0
CYLINDER      -7.5  -7  8   |   1.5      |   0 1 0    |  16.0   |  63  93  99 | 20       |  0.0       |    0.0
CYLINDER       7.5  -7  8   |   1.5      |   0 1 0    |  16.0   |  63  93  99 | 20       |  0.0       |    0.0
#DISK           0   0   0   |   0.0      |   0 1 0    |  0.0    |  255 255  0 | 0        |  0.0       |    0.0


#              position  |  NULL      |    NULL    |  NULL |  NULL        | NULL     | NULL       | NULL
#-----------------------------------------------------------------------------------------------------------------
screen        800 800 0  |   0        |  0 0 0     |  0    | 0 0 0        | 0        | 0          | 0

#              position  |  NULL      |  direction |  NULL |  NULL        | NULL     | NULL       | NULL
#-----------------------------------------------------------------------------------------------------------------
cam            0  0 -40  |   0        |  1 0 0     |  0    | 0 0 0        | 0        | 0          | 0

#              position  | intensity  |  NULL      |  color       |  NULL | NULL      | NULL       | NULL
#-----------------------------------------------------------------------------------------------------------------
AMBIENT        0  0   0  |    0.4     |  0 0 0     |  255 255 255 | 0     |  0        | 0          | 0
DIRECTIONAL    0  0  -10 |    0.5     |  0 0 0     |  255 255 255 | 0     |  0        | 0          | 0
POINT         12  3  -12 |    0.3     |  0 0 0     |  255 255 255 | 0     |  0        | 0          | 0
point        -12  3  -12 |    0.3     |  0 0 0     |  255 255 255 | 0     |  0        | 0          | 0

#=================================================================================================================