#=============== SYMBOL '#' ALLOWS TO MAKE COMMENTS ==========================================================
#              position  | radius     | direction  | height |    color    | specular | reflective | refractive
#-------------------------------------------------------------------------------------------------------------
SPHERE         0  -2  5  |   1.0      |   0 1 0    |  0.0    | 134  2   80 | 100       |  0.0       |    0.0

PLANE          0  7  10  |   0.0      |   0 1 0    |  0.0    | 168 176 179 | 50       |  1.0      |    0.3
PLANE          0 -7  10  |   0.0      |   0 1 0    |  0.0    | 168 176 179 | 50       |  1.0      |    0.3
PLANE         -7  0  10  |   0.0      |   1 0 0    |  0.0    | 168 176 179 | 50       |  1.0      |    0.3
PLANE          7  0  10  |   0.0      |   1 0 0    |  0.0    | 168 176 179 | 50       |  1.0      |    0.3
PLANE          0  0  20  |   0.0      |   0 0 1    |  0.0    | 168 176 179 | 50       |  1.0      |    0.3

#              position  |  NULL      |    NULL    |  NULL |  NULL        | NULL     | NULL       | NULL
#-------------------------------------------------------------------------------------------------------------
screen        600 600 0  |   0        |  0 0 0     |  0    | 0 0 0        | 0         | 0          | 0

#              position  |  NULL      |  direction |  NULL |  NULL        | NULL     | NULL       | NULL
#-------------------------------------------------------------------------------------------------------------
cam            0  0 -30  |   0        |  1 0 0     |  0    | 0 0 0        | 0        | 0          | 0

#              position  | intensity  |  color     |  NULL  |  NULL | NULL     | NULL       | NULL
#-------------------------------------------------------------------------------------------------------------
AMBIENT      0   0   0   |    0.2     | 255 255 255 |  0    |  0 0 0 | 0     |  0       | 0
POINT        -3  0  -5  |    0.5     | 255 255 255 |  0    |  0 0 0 | 0     |  0       | 0
point         3  0  -5  |    0.5     | 255 255 255 |  0    |  0 0 0 | 0     |  0       | 0
DIRECTIONAL   0  2  -10  |    0.4     | 255 255 255 |  0    |  0 0 0 | 0     |  0       | 0
directional  5  2  -20  |    0.8     | 0.2 0.2 0.2 |  0    |  0 0 0 | 0     |  0       | 0
#==============================================================================================================
