#=============== SYMBOL '#' ALLOWS TO MAKE COMMENTS =========================================================================
#              position   | radius     | direction  | height |    color     | specular | reflective | refractive| texture_id
#----------------------------------------------------------------------------------------------------------------------------
SPHERE        0   5   5   |   4.0      |   0 1 0    |  0.0   |  209 127 219 | 0        |  0.0       |    0.0    |    5.0
SPHERE        3   7.7 5.6 |   2.7      |   0 1 0    |  0.0   |  102  35 110 | 10       |  0.0       |    0.0    |    5.0
SPHERE       -3   7.7 5.6 |   2.7      |   0 1 0    |  0.0   |  102  35 110 | 10       |  0.0       |    0.0    |    5.0

SPHERE        2   1   3   |   1.3      |   0 1 0    |  0.0   |   96 209 219 | 10       |  0.0       |    0.0    |    5.0
SPHERE       -2   1   3   |   1.3      |   0 1 0    |  0.0   |   96 209 219 | 10       |  0.0       |    0.0    |    5.0
SPHERE        2.8 -6  1   |   1.6      |   0 1 0    |  0.0   |   96 209 219 | 10       |  0.0       |    0.0    |    5.0
SPHERE       -2.8 -6  1   |   1.6      |   0 1 0    |  0.0   |   96 209 219 | 10       |  0.0       |    0.0    |    5.0

PLANE         0   -7  0   |   0.0      |   0 1 0    |  0.0   |  209 127 219 | 0        |  0.2       |    0.0    |    0.0
PLANE          0  0   20  |   0.0      |   0 0 1    |  0.0   |  31  87  255 | 0        |  0.0       |    0.0    |    0.0

#DISK         0    0  0   |   0.0      |   0 1 0    |  0.0   |  255 255   0 | 0        |  0.0       |    0.0    |    0.0

CONE          1.5  6  0.5 |   0.4      |   0 -1 1   |  0.8   |   96 209 219 | 10       |  0.0       |    0.0    |    0.0
CONE         -1.5  6  0.5 |   0.4      |   0 -1 1   |  0.8   |   96 209 219 | 10       |  0.0       |    0.0    |    0.0
CONE          0    2  2   |   1.0      |   0  1 0   |  1.4   |  227 100 142 | 10       |  0.0       |    0.0    |    0.0
CONE          0    3  5   |   5.0      |   0 -1 0   |  10.0  |  102  35 110 | 10       |  0.0       |    0.0    |    0.0

#              position   |  NULL      |    NULL    |  NULL  |  NULL        | NULL     | NULL       | NULL      | NULL
#------------------------------------------------------------------------------------------------------------------------
screen        1000 800 0   |   0        |   0  0  0  |  0     |   0  0  0    | 0        | 0          | 0         | 0

#              position   |  NULL      |  direction |  NULL  |  NULL        | NULL     | NULL       | NULL      | NULL
#------------------------------------------------------------------------------------------------------------------------
cam            0   0 -30  |   0        |   1  0  0  |  0     | 0 0 0        | 0        | 0          | 0         | 0

#              position   | intensity  |  color     |  NULL  |  NULL        | NULL     | NULL       | NULL       | NULL
#------------------------------------------------------------------------------------------------------------------------
AMBIENT      0   0   0   |    0.2     | 255 255 255 |  0    |  0 0 0        | 0        |  0        | 0           | 0
POINT        -3  10 -30  |    0.9     | 255 255 255 |  0    |  0 0 0        | 0        |  0        | 0           | 0
#point         0 0 -20   |    0.5     | 255 255 255 |  0    |  0 0 0        | 0        |  0        | 0           | 0
DIRECTIONAL   0  2  -10  |    0.4     | 255 255 255 |  0    |  0 0 0        | 0        |  0        | 0           | 0
#========================================================================================================================
