#============== SYMBOL '#' ALLOWS TO MAKE COMMENTS ===========================================================
#              position    | radius   |  direction  | height |    color   | specular | reflective | refractive
#--------------------------------------------------------------------------------------------------------------
SPHERE        0    0.2  0  |   1.3    |   0  0  0   |  0.0   |   45 46 51 |  1       |  0.0       |    0.0
SPHERE       -1.5  1.5  0  |   0.8    |   0  0  0   |  0.0   |   45 46 51 | 1        |  0.0       |    0.0
SPHERE        1.5  1.5  0  |   0.8    |   0  0  0   |  0.0   |   45 46 51 | 1       |  0.0       |    0.0
PLANE         0    0    3  |   0.0    |   0  0  1   |  0.0   |   59 61 69 | 1     |  0.0       |    0.0

#              position  |  NULL     |    NULL    |  NULL  |  NULL        | NULL     | NULL       | NULL
#-------------------------------------------------------------------------------------------------------------
screen       800 800 0   |   0        |   0  0  0  |  0     |   0   0   0  | 0        | 0          | 0

#              position  |  NULL      |  direction |  NULL  |  NULL        | NULL     | NULL       | NULL
#-------------------------------------------------------------------------------------------------------------
cam           0  0  -40  |   0         |   0   0 0  |  0     | 0 0 0        | 0        | 0          | 0


#             position   |  intensity  |    color    |  NULL  |  NULL  | NULL  | NULL     | NULL
#-------------------------------------------------------------------------------------------------------------
AMBIENT      0     0   0     |     0       | 255 255 255 |   0    |  0 0 0 | 0     |  0       | 0
POINT       -5.95  0  -4 |     1       |   0   0 255 |   0    |  0 0 0 | 0     |  0       | 0
point        5.95  0  -4 |     1       | 255   0   0 |   0    |  0 0 0 | 0     |  0       | 0
POINT       -5.95  0  -4 |     0.5     | 255 255 255 |   0    |  0 0 0 | 0     |  0       | 0
POINT        5.95  0  -4  |     0.5     | 255 255 355 |   0    |  0 0 0 | 0     |  0       | 0

#DIRECTIONAL  -3.95  1  -5  |   0.2    |   0   0 255  |   0    |  0 0 0 | 0     |  0       | 0
#DIRECTIONAL   3.95  1  -5  |   0.2    | 255   0   0  |   0    |  0 0 0 | 0     |  0       | 0
#DIRECTIONAL   0     0  -20 |   0.5    | 255 255 255  |   0    |  0 0 0 | 0     |  0       | 0
#==============================================================================================================