#=============== SYMBOL '#' ALLOWS TO MAKE COMMENTS ==========================================================
#              position  | radius     | direction  | height |    color    | specular | reflective | refractive
#-------------------------------------------------------------------------------------------------------------
SPHERE         6 0 -2   |   0.6      |   0 0 0    |  0.0    | 100  89   0 | 10       |  0.0       |    0.0
SPHERE        -4 0 -4   |   0.5      |   0 0 0    |  0.0    | 215   0 112 | 1000     |  0.0       |    0.0
SPHERE         6 0  0   |   0.9      |   0 0 0    |  0.0    | 255 255 255 | 100      |  0.0       |    0.0
SPHERE        -3 0  4   |   0.7      |   0 0 0    |  0.0    | 134  2   80 | 10       |  0.0       |    0.0
SPHERE         3 0  4   |   1.6      |   0 0 0    |  0.0    | 255  99   0 | 10       |  0.0       |    0.0
SPHERE         0 0  2   |   1.1      |   0 0 0    |  0.0    |  14  99 127 | 100      |  0.0       |    0.0
PLANE          0 -3 5   |   1.2      |   0 0 0    |  0.0    | 255 255 255 | 1000     |  0.5       |    0.5

#              position  |  NULL      |    NULL    |  NULL |  NULL        | NULL     | NULL       | NULL
#-------------------------------------------------------------------------------------------------------------
screen        800 800 0  |   0        |  0 0 0     |  0    | 0 0 0        | 0        | 0          | 0

#              position  |  NULL      |  direction |  NULL |  NULL        | NULL     | NULL       | NULL
#-------------------------------------------------------------------------------------------------------------
cam            0  2 -20  |   0        |  1 0 0     |  0    | 0 0 0        | 0        | 0          | 0

#              position  | intensity  |  color     |  NULL  |  NULL | NULL     | NULL       | NULL
#-------------------------------------------------------------------------------------------------------------
AMBIENT      0   0   0   |    0.2     | 255 255 255 |  0    |  0 0 0 | 0     |  0       | 0
POINT        -8  10 10  |    1.0     | 255 255 255 |  0    |  0 0 0 | 0     |  0       | 0
DIRECTIONAL   4  10 -30  |    0.4     | 100 62 237 |  0    |  0 0 0 | 0     |  0       | 0
#==============================================================================================================
