#=============== SYMBOL '#' ALLOWS TO MAKE COMMENTS ===========================================================
#              position  | radius     | direction  | height |     color    | specular | reflective | refractive
#--------------------------------------------------------------------------------------------------------------
#_______on_the_table____
SPHERE       4 -3.25 -3  |   0.5      |   0 1   0  |  0.0   |  134   2  80 | 100      |  0.0       |    0.0
CONE         3 -3.75 -2  |   1.0      |  -5 7.7 4  |  1.0   |  155 158 158 |  10      |  0.0       |    0.0


#______bowl____________
SPHERE       -6 -7   -6  |   1.7      |   0 0 0    |  0.0   |   69   1  41 |  100      |  0.0       |   0.0
CONE         -6 -6.5 -6  |   2.0      |   0 1 0    |  2.0   |   69   1  41 |  100      |  0.0       |   0.0
CYLINDER     -6 -9   -6  |   1.0      |   0 1 0    |  2.0   |   69   1  41 |    0      |  0.0       |   0.0

#______walls___________
PLANE          0  9  10  |   0.0      |   0 1 0    |  0.0   |  177 201 240 |    0      |  0.0       |    0.0
PLANE          0 -9  10  |   0.0      |   0 1 0    |  0.0   |   89  62  24 |    0      |  0.0       |    0.0
PLANE         -9  0  10  |   0.0      |   1 0 0    |  0.0   |  168 176 179 |    0      |  0.0       |    0.0
PLANE          9  0  10  |   0.0      |   1 0 0    |  0.0   |  168 176 179 |    0      |  0.0       |    0.0
PLANE          0  0   8  |   0.0      |   0 0 1    |  0.0   |  168 176 179 |    0      |  0.0       |    0.0

#______lamp____________
CONE          -4  3   3  |   2.0      |   0  1 0   |  1.8   |  155 158 158 |   10      |  4.0       |    0.0
CONE          -4 -8.5 3  |   1.0      |   0 -1 0   |  0.5   |  155 158 158 |   10      |  4.0       |    0.0
CYLINDER      -4 -8.5 3  |   0.1      |   0  1 0   |  12.0  |  155 158 158 |   10      |  4.0       |    0.0

#______mirror__________
CYLINDER       4 3.5 7.7 |   2.2      |   0 0 1    |   0.1  |   63  93  99 |    0      |  1.5       |    0.3
CYLINDER       4 3   7.7 |   2.5      |   0 0 1    |   0.1  |   63  93  99 |    0      |  1.5       |    0.3
CYLINDER       4 2.5 7.7 |   2.2      |   0 0 1    |   0.1  |   63  93  99 |    0      |  1.5       |    0.3

#______table____________
CYLINDER       0 -9  1   |   0.2      |   0 1 0    |   5.0  |  155 158 158 |    0      |  0.2       |    0.3
CYLINDER       6 -9  1   |   0.2      |   0 1 0    |   5.0  |  155 158 158 |    0      |  0.2       |    0.3
CYLINDER       0 -9 -3   |   0.2      |   0 1 0    |   5.0  |  155 158 158 |    0      |  0.2       |    0.3
CYLINDER       6 -9 -3   |   0.2      |   0 1 0    |   5.0  |  155 158 158 |    0      |  0.2       |    0.3
CYLINDER       3 -4  -2  |   4.5      |   0 1 0    |   0.25 |   63  93  99 |   20      |  0.5       |    0.3

#_______chear___________
CYLINDER   2.3 -5.7 -6.5 |   1.3      |   0  1  0  |   0.15 |  149 123 219 |  100      |  0.0       |    0.3
CYLINDER   1.3 -9  -6    |   0.1      |   8 25 -8  |   3.6  |   81  65 125 |   10      |  0.3       |    0.0
CYLINDER   3.3 -9  -6    |   0.1      |  -8 25 -8  |   3.6  |   81  65 125 |   10      |  0.3       |    0.0
CYLINDER   2   -7  -6.6  |   0.1      |   1  0  0  |   0.6  |   81  65 125 |    0      |  0.3       |    0.3


#DISK         0  0   0  |   0.0      |   0  1  0  |   0.0  |  255 255   0 |    0      |  0.0       |    0.0

#              position  |  NULL      |    NULL    |  NULL  |  NULL        | NULL     | NULL       | NULL
#-------------------------------------------------------------------------------------------------------------
screen        800 800 0  |   0        |   0 0 0    |  0     | 0 0 0        | 0        | 0          | 0

#              position  |  NULL      |  direction |  NULL  |  NULL        | NULL     | NULL       | NULL
#-------------------------------------------------------------------------------------------------------------
#cam           5  2  -20 |   0        | -15 -10 0  |  0     | 0 0 0        | 0        | 0          | 0
cam            0  0  -20 |   0        |   0   0 0  |  0     | 0 0 0        | 0        | 0          | 0

#              position  | intensity  |  color     |  NULL  |  NULL | NULL     | NULL       | NULL
#-------------------------------------------------------------------------------------------------------------
AMBIENT      0   0   0   |    0.3     | 255 255 255 |  0    |  0 0 0 | 0     |  0       | 0
POINT       -4.5 5.8 4.5 |    0.7     | 217 253 255 |  0    |  0 0 0 | 0     |  0       | 0
point         7  4  -3   |    0.6     | 255 255 255 |  0    |  0 0 0 | 0     |  0       | 0
DIRECTIONAL   5  0  -20  |    1.0     | 255 255 255 |  0    |  0 0 0 | 0     |  0       | 0
#directional  5  2  -20  |    0.8     | 0.2 0.2 0.2 |  0    |  0 0 0 | 0     |  0       | 0
#==============================================================================================================
