#=============== SYMBOL '#' ALLOWS TO MAKE COMMENTS ===================
#               position | radius | direction  |    col     | specular
#--------------------------------------------------------------------
sphere          4 -1   3 |   1.0  |   0 0 0    | 255    0   0 | 500
sphere          2  4   4 |   1.0  |   0 0 0    |   0    0 255 | 500
sphere         -2  4   4 |   1.0  |   0 0 0    |   0  255   0 | 10
sphere          1 -1   4 |   1.0  |   0 0 0    | 255  255   0 | 1000
SPHERE         -3 -1   3 |   1    |   0 0 0    | -670   0   0 | 10
SPHERE          2  4   4 |   1.0  |   0 0 0    |  255 255 255 | 100
plane           0  -1  0 |   0    |   0 1 0    |  255   0   0 | 5
ambient        -2  4   4 |   0.2  |   0 0 0    |  255 255 255 | 10
cam             0  0 -12 |   0.0  |   0 0 0    |    0   0   0 | 0
POINT           0  0   0 |   0.6  |   0 0 0    |  255 255 255 | 0
directional     0  0   0 |   0.4  |   0 0 0    |  255 255 255 | 0

#====================================================================
