#=============== SYMBOL '#' ALLOWS TO MAKE COMMENTS ======================================================================
#              position  | radius     | direction  | height |    col    | specular | reflective | refractive | texture_id
#-------------------------------------------------------------------------------------------------------------------------
SPHERE        -12   -5 3 |  -5.0      |   0 1 0    |  0.0   | 255  255 255| 10       |  0.0       |    0.0   |   0
SPHERE        40   -4  4 |   2.0      |   0 1 0    |  0.0   |   0   0 255 | 100      |  0.0       |    0.0   |   1
SPHERE         8    5  0 |   1.0      |   0 1 0    |  0.0   | 255 255 255 | 100      |  0.0       |    0.0   |   2
SPHERENEG       -6  -2 6 |   3.0      |   0 1 1    |  0.0   | 255   0   0 | 10       |  0.0       |    0.0   |   3
SPHERE        -4   -4  6 |   3.0      |   0 1 1    |  0.0   | 255   0   0 | 10       |  0.0       |    0.0   |   1
SPHERENEG    -6    -4  4 |   4.0      |   1 1 0    |  0.0   | 0 255   0   | 1000     |  0.0       |    0.0   |    0.0
PLANE          0    5  0 |   0.0      |   0 1 0    |  0.0   |   0   0 255 | 1000     |  0.0       |    0.0   |    0.0
PLANE        -20    0  0 |   0.0      |   1 0 0    |  0.0   | 255 255   0 | 1000     |  0.0       |    0.0   |    0.0
#DISK       -2 -16.99  8 |   3.0      |   0 -1 0   |  0.0   | 255   0   0 | 1000     |  0.0       |    0.0   |    0.0
CYLINDER      -15   0  0 |   1.0      |   1 1 0    |  5.0   | 105  50 105 | 1000     |  0.0       |    0.0   |    0.0
CYLINDERNEG   -1   -3  5 |   1.0      | 2.5 -4 -2  |  10.0  | 105  50 105 | 1000     |  0.0       |    0.0   |    0.0
CYLINDERNEG   -2   1  6  |   1.5      | 1.5 -1 -2  |  10.0  | 105  50 105 | 1000     |  0.0       |    0.0   |    0.0
#CONE           0   0 -3 |   5.0      |   1 1 1    |  5.0   |   0 255   0 | 1000     |  0.0       |    0.0   |    0.0
#CYLINDER       0 -15  0 |   1        |    1 1 0   |  5.0   | 255   0 255 | 1000     |  0.0       |    0.0   |    0.0
paraboloid    0 -10  5   |   20.2     |    0 1 0   |  15.0  | 255 255 255 | 10       |  0.0       |    0.0   |    0.0

#              position  |  NULL      |    NULL    |  NULL |  NULL        | NULL     | NULL       | NULL     | NULL
#-----------------------------------------------------------------------------------------------------------------------
screen        800 600 0  |   0        |  0 0 0     |  0    | 0 0 0        | 0       | 0          | 0       | 0

#              position  |  NULL      |  direction |  NULL |  NULL        | NULL     | NULL       | NULL     | NULL
#-----------------------------------------------------------------------------------------------------------------------
cam            0  0 -42  |   0        |  -10 0 0   |  0    | 0 0 0        | 0        | 0          | 0        | 0

#              position  | intensity  |  col       |  NULL |  NULL        | NULL     | NULL      | NULL      | NULL
#-----------------------------------------------------------------------------------------------------------------------
AMBIENT      0    0    0 |    0.4     | 255 255 255 |  0    |  0 0 0 | 0     |  0       | 0                  | 0
POINT        8  -10  -30 |    1.0     | 255 0 0     |  0    |  0 0 0 | 0     |  0       | 0                  | 0
#DIRECTIONAL 4  -10  -30 |    0.2     | 0.4 0.4 0.4 |  0    |  0 0 0 | 0     |  0       | 0                  | 0
point       14  -12    4 |    0.2     | 0.6 0.6 0.6 |  0    |  0 0 0 | 0     |  0       | 0                  | 0
#directional 6  -12    5 |    0.2     | 0.2 0.2 0.2 |  0    |  0 0 0 | 0     |  0       | 0                  | 0

#=======================================================================================================================